7138
7439
9186
6403
1173
5106
676
9590
2807
6634
5761
7145
9813
4863
1543
8791
8757
52
5483
4408
9302
9913
3407
7726
6385
8469
9370
273
357
7549
9337
7339
7993
4061
6529
2728
7951
688
3596
226
5793
2249
2388
7264
4985
2704
5950
7576
4014
1023
8862
5966
5098
3463
934
3807
1381
3116
9284
6370
7086
4885
842
2026
7060
2372
4609
5460
8215
712
6530
1068
2007
6442
6891
6431
5824
3515
147
1102
3103
239
1873
6706
73
4584
7472
6773
3773
7773
2622
7169
8142
967
129
8412
3751
5223
250
4048
8853
4181
3295
5253
4572
5785
4260
3034
9129
9215
2075
4582
9700
5424
5640
3336
4744
2170
7701
2907
1435
7560
7184
786
4735
2263
3337
1185
7120
2422
3907
5832
2303
2285
8544
6000
4937
1872
8844
5115
5022
2043
196
2829
606
1362
1709
6876
7684
5829
4610
5266
873
2206
6498
6227
2108
9521
2308
2433
3158
996
4572
5925
8312
1581
7888
7523
6150
9978
7442
7954
5613
4596
7663
3096
202
7667
4632
2421
5293
9812
8677
1498
77
1946
3686
5379
822
5981
5039
8400
9213
3272
7670
2644
4786
9971
3308
572
5212
1449
2793
5535
2842
7314
5674
4157
8039
8869
9240
5325
7650
6716
5734
5534
568
508
4588
39
2743
2244
6431
2088
7036
2320
3993
629
2903
2186
7843
5429
395
1961
9621
7719
7362
1035
5618
4561
6097
1468
3905
4566
4096
7120
1556
5702
3396
5211
7125
6920
6343
2904
5272
2788
3342
8790
5311
6885
9527
2108
4183
1577
914
5075
2456
5820
847
1233
6736
9680
9249
7613
9241
1022
8009
5617
8714
8502
733
2649
6997
1258
143
2343
9787
9808
1420
8372
2385
4750
3919
1769
6548
1692
8084
1573
8777
6013
7903
8435
9632
7043
9423
2090
8952
5173
8945
108
9227
5564
8775
7872
7432
175
8388
8316
352
1531
2342
2403
980
9714
8870
6057
4891
4816
4443
2030
2146
7793
8121
985
5275
2242
3187
2120
1147
1603
2612
2784
2493
3416
5979
8527
2448
8208
2704
565
1624
6883
1602
4235
3178
7919
5707
2350
9136
2290
9092
3011
6567
170
9771
1775
9850
7215
5091
1499
3154
2745
2760
3853
8524
5184
1727
6985
1501
8721
3138
7870
3865
8804
1994
794
164
8122
2046
5268
3639
4562
5351
5176
1242
2967
509
538
5421
7346
2526
5823
7624
6468
6506
4032
8203
4182
4092
8383
2470
1675
4461
1525
3191
9162
4510
4715
9686
6664
200
895
9098
7734
220
5829
9777
6467
8118
9528
2922
7081
1996
6937
9994
7465
7499
8324
1659
9545
295
7801
2644
5516
8098
24
1349
8610
6476
5080
2493
7941
1360
6945
1092
9076
8871
407
1690
5057
4966
2915
4879
9390
8856
9552
2877
9096
8412
4282
8169
565
431
7624
9503
8797
6933
4686
51
8792
252
7292
4676
6162
2792
5923
2543
5998
3823
4933
7993
6639
7196
9608
6128
2083
2834
2150
4397
3893
3535
785
1843
7894
3177
2515
8404
514
9526
7982
7100
750
2832
1861
613
1373
4886
3045
1053
9805
8633
9052
7881
3458
9210
7683
4807
3856
7957
1747
6805
7697
6294
3940
6353
5068
6700
7392
6052
5176
5916
2506
1698
1573
4941
4029
5635
4923
5340
8963
9974
2370
4868
7480
5333
4787
7366
7621
7358
7485
2803
5390
4318
9733
9845
8343
7167
2877
3758
5507
4987
6057
7492
4260
4552
5695
3226
1811
9816
3956
8090
5047
792
716
8971
6760
292
3089
8543
3940
5888
9324
7706
6816
9686
1671
4552
8596
1141
3324
1756
2219
5740
534
1957
3909
5626
6442
5879
5238
3138
5983
376
6686
2211
722
6740
1953
5040
2688
8659
8066
7651
4679
7730
6618
9999
4463
9342
7612
4103
4296
1702
788
3668
4716
1345
3591
8603
3273
5775
6696
1164
8350
9835
8197
659
3252
7761
4237
303
6628
6207
7725
8390
2191
8280
1347
1256
1807
5453
1563
2229
6815
6402
6211
7037
4886
4729
8034
2102
4798
2810
8738
9375
1567
9757
5695
7638
4115
3513
8455
867
1016
5721
1878
2520
4308
3460
3830
3002
5947
7969
4183
7456
2926
4216
648
2293
6123
3666
5335
6557
1364
5427
7505
2100
6759
9985
9796
6650
4885
3829
2379
9588
9533
1725
1451
5121
7240
9292
6407
7724
2506
1730
3560
75
8818
326
2515
32
7773
5955
1828
6289
4359
1678
9472
193
3977
9549
6169
8544
6917
6858
6296
2148
8203
2612
9609
8276
8958
7439
965
2018
5006
4164
1497
4021
507
2299
6020
1346
2125
7813
7928
4869
8906
2012
6304
6767
9607
617
6261
7449
6106
4563
4852
808
4253
5335
2034
7080
9
1366
1642
2056
6584
9347
7338
3506
5515
1253
9385
9358
6849
8565
6747
8789
7311
9810
639
3610
5268
2490
2775
2491
9744
6290
8939
3500
1908
119
1671
3218
5280
4188
8721
1626
3658
7551
4437
2347
4972
1470
1020
9007
9719
270
8443
4462
259
9923
7247
3146
3064
4554
7325
1560
2328
6064
9380
5882
3012
6324
2051
5029
7707
2245
4290
4739
6825
3761
3103
2524
3286
8254
7597
648
5194
1769
8716
9026
7118
7542
8208
743
3933
6288
5038
7954
5209
106
3634
1201
4214
4622
6875
2490
5077
7151
3857
2855
7699
4072
3567
3127
7547
1031
4541
5627
807
4877
228
8494
3946
5694
5209
6633
6776
8239
2325
8818
5838
5034
3832
4916
5725
6848
9758
7322
5620
1799
2443
379
7324
7432
3104
1698
2010
5748
1434
1094
120
8787
2734
2683
5185
8982
1849
6696
1072
9024
8028
8051
8573
3799
1529
9010
3579
2819
750
555
7105
4560
2515
2810
2022
6416
7245
2988
5669
5086
9394
2684
2351
8716
882
8250
8481
4888
1150
2962
3673
5434
3803
1890
3039
751
8537
1731
7047
7731
8698
3691
128
9337
9390
2072
8906
6775
4087
9787
9198
719
6992
4929
2354
8265
8898
8164
9101
182
2949
6799
5586
3248
7011
8525
9181
9249
3839
6712
8541
4546
942
100
3466
5016
6149
8710
3951
1467
8907
8677
6344
9783
5820
8991
2860
8825
670
6387
8740
3259
3778
8111
1020
2047
7167
3539
7165
392
7449
8781
608
193
4088
3761
3207
3677
7596
6606
4169
2048
8439
8968
7957
2441
9687
8107
3875
9271
2131
3001
6434
2867
2513
2198
4460
2794
966
2737
7446
7020
859
7788
7146
5066
9490
3164
8354
6359
9336
6438
2457
6886
6935
2185
1493
6235
5782
7253
3627
635
4324
8149
5286
4032
9851
2711
9511
8728
9944
7827
6559
6954
5991
1149
6916
7546
2238
740
1431
4951
9125
8345
2388
3775
9594
2858
9331
8061
2985
398
1325
6226
7999
3859
8870
1625
5293
725
3214
3455
6419
4595
9748
1506
4840
5332
6904
8918
6984
2228
2641
2423
9017
5609
4218
6418
6455
9914
7803
1796
5339
5077
8794
4160
1739
2640
470
5449
9177
3798
8797
4250
42
410
4757
3422
825
9770
3647
8428
2723
7671
9264
169
5578
7507
6172
7372
1817
929
5121
2154
1446
1617
2383
5500
5438
5741
2404
7292
6169
6932
4306
4308
5185
7749
9819
4410
1633
5556
310
7448
1901
9934
8943
2762
4380
5846
7050
9993
3563
2648
3955
4757
3294
6567
5786
6755
9486
143
8142
5940
8673
157
6629
9939
6385
9480
8489
1579
1087
9548
657
2260
265
6680
5958
2700
1312
679
6271
9478
4124
540
177
4837
1741
6432
6379
9480
8101
7347
1713
9085
6102
7207
203
1923
2105
3066
977
3603
3790
5654
6837
2559
1281
4632
2621
3173
1196
7788
6439
6294
6384
5370
1828
6879
1476
2325
5120
2015
4789
2082
6000
9928
2487
9275
1058
1565
9131
4527
938
1386
5033
9652
848
6706
3597
5029
3935
8379
7188
4788
5851
4865
5499
6495
8312
7243
5333
7051
1827
829
7293
5505
6520
2593
3655
602
9929
6845
2028
9570
5256
1996
9656
7196
5381
149
8261
476
5501
9882
407
7761
2410
4709
3793
7686
6754
7528
5697
6262
7342
4825
8844
4318
8061
1434
2199
2642
4319
4161
5763
5443
6530
8620
4517
5401
9132
5899
1376
9624
3396
2383
337
3997
8232
6667
4894
3219
8630
2297
1536
6342
9483
6320
3762
4758
7924
6928
6333
3106
4867
5029
9502
6548
963
4005
457
5877
8005
4956
5959
2343
4698
665
1492
7734
7502
4705
4001
9750
949
8610
8566
6085
2560
5192
1023
6898
3365
9554
9924
8957
365
7989
7207
2480
9300
3489
2635
9292
2651
5119
7857
53
9
4130
8980
889
1208
9981
4025
790
6177
130
6096
745
3558
3568
485
2018
2677
3165
9616
6030
2590
2242
126
5200
7816
2061
2344
2873
4667
6472
3848
7645
4994
6035
8087
596
4672
3817
3075
6154
1573
6918
2866
973
6444
7449
4496
2132
88
725
4215
1282
3824
9293
2981
4491
8759
7373
2637
2499
1851
2959
3776
3039
7465
7816
5923
7658
4745
7381
3128
6131
7287
6431
8166
6982
4350
2809
8818
7723
285
6012
5736
6385
9763
3559
8598
759
3589
6077
1576
9145
6273
2582
8303
199
7857
8473
2007
2006
6161
567
59
7421
4614
1529
2283
4489
9219
7741
1321
2023
3253
1005
4093
7463
251
280
5808
5280
9040
5132
8884
57
2144
5270
7997
1104
2964
9830
3509
8724
6005
337
9398
1784
4925
5786
9684
3747
1093
5005
7647
365
1660
2722
3254
8349
8925
3798
7989
6897
8418
3667
2335
5911
906
7251
2522
8037
2637
7308
1481
5853
1054
5569
4103
8736
7377
7170
2192
6595
305
2834
1717
4851
1179
1677
9314
657
3366
8452
3663
475
8480
513
7069
422
7516
7984
7196
3859
1354
1925
343
8718
6995
823
7629
3527
9922
8211
1344
964
1231
1497
2472
3301
5183
7132
6998
2819
5708
6942
4893
6780
7680
4174
1800
3834
6757
2729
2858
6895
5941
1603
2285
1285
1195
7990
3683
9822
9511
1385
4728
9716
661
4387
9658
5722
8610
543
4104
8358
6090
3495
6314
7523
2129
5688
7279
4345
8621
9135
776
6126
2059
3014
8028
112
6642
7320
4717
3301
6296
3507
8017
3962
4039
2915
9340
174
8624
6010
115
9873
8103
3739
6208
7691
1285
6489
4489
1470
4051
5372
9752
2142
843
5176
9814
9455
8537
3961
1760
445
9196
7326
9179
3435
9296
4131
4696
448
174
2922
4922
7791
8219
3891
6722
7025
3416
9643
5572
9993
2891
6556
3442
2594
9893
7174
8711
9593
1077
716
6511
4674
9885
5626
3671
5360
1394
1094
6718
1776
3045
6811
9537
3716
895
3988
1363
1621
5580
2731
5337
9178
4532
643
8173
7130
9670
506
6412
3593
511
1947
3779
1818
7106
2930
7359
5169
2299
3316
9933
9898
2623
7544
578
1832
978
716
6282
6602
7337
5885
3566
3468
8916
7151
5343
7784
5712
9909
1786
3466
4321
2208
846
5858
696
9411
9743
4477
8260
5502
9093
9839
8940
1756
1040
7073
9634
538
7313
5955
3364
2175
3788
3140
5573
1223
7361
5543
2648
6021
316
8091
8847
6068
1341
5826
2286
5847
4306
146
7837
6366
5283
4357
3604
3206
9988
1199
734
5997
3940
3749
5852
5342
7931
2641
7767
4650
1840
2865
5015
4915
9621
4195
2772
2616
240
3074
4126
5922
3001
2105
9877
5319
5398
2624
4387
4873
393
5069
5715
5303
1628
2507
2060
8495
4213
7181
850
1755
3045
9865
3102
617
2858
8767
3112
4215
319
5441
5039
3232
1015
8301
9624
5645
3406
8386
7020
2009
1900
87
4369
4025
4550
1696
135
7041
4736
199
475
4735
8763
4551
1896
689
5023
8283
9056
1731
805
3984
4993
6462
9710
6937
4669
7422
6976
3058
7701
635
5648
7223
4509
2643
1971
5391
5582
8606
4655
547
1274
3223
3207
7449
5361
831
852
8572
7201
3011
7575
8668
2634
1489
1954
9638
7566
2328
7171
3502
4359
3018
9208
2628
4820
6298
5097
7347
963
901
5031
9259
8647
7786
3528
4356
8816
37
7236
6459
8419
31
6644
5436
10
6224
4739
7475
3619
2361
8120
3182
2647
4635
9067
5141
6133
2998
3876
948
1220
4005
7179
8132
230
9032
2550
8745
8493
9368
3383
4696
6053
8129
9183
7857
1171
2476
7160
8989
5866
9509
3407
9782
8327
9157
9914
9669
7476
5234
9598
6215
3666
3268
1214
2578
2549
4131
8465
2707
4039
3185
6439
9363
7570
9657
6564
4235
7502
6360
4098
1068
6854
4221
1487
2451
5130
5738
5256
8359
3651
9836
1293
6368
7050
7531
1496
3981
3882
7938
7173
261
8243
3350
7932
259
364
9288
5006
6974
3322
8510
7096
1799
3947
2201
6261
4846
9060
1263
2130
1902
4356
9370
3089
5913
6608
1399
4246
8608
5331
8553
7852
1208
726
9616
5758
7747
840
1850
3831
1062
2772
8509
6737
4471
3758
3134
1264
2685
3880
4940
2759
9712
2220
7963
7383
4787
2005
7988
215
8413
7124
5706
6725
8079
6021
8895
3876
7303
3689
8636
5229
3557
8684
7396
4046
3271
3859
7566
87
7601
1136
320
3851
4264
3386
4620
7864
3681
2940
7129
6696
8069
9402
1173
8302
7660
6833
7626
9479
3899
930
4725
4452
3172
9468
4194
9885
657
3392
5757
4784
6607
6700
9199
2015
6684
5333
6333
6252
4295
7801
2816
727
1165
3045
9942
3059
8783
7600
8215
6756
4568
918
5277
3098
754
8726
2227
5133
1652
4156
9205
7429
1402
678
4246
6421
2036
2358
1141
4713
4753
6525
9954
6814
8030
3714
8038
4272
1425
4080
5970
5018
7518
1008
9625
1114
1224
7090
7433
2195
6612
4182
4699
546
9892
2487
5772
5918
2941
9998
8830
6450
5131
8183
1380
5940
8118
8490
1371
9446
150
8520
4632
1223
821
5620
2546
2
2954
5670
4948
1909
9643
4582
8840
7626
2431
3161
3225
5210
4833
4796
7998
1201
334
1338
4741
3266
3551
130
9804
2086
9675
5223
3742
7304
4343
9751
7616
9336
4817
6993
1706
6694
1662
5560
9076
5695
9900
6092
6164
8361
9908
3288
6071
9273
1070
9609
5057
4357
3181
7712
9000
8851
7101
6334
488
7131
5018
7962
4510
9050
7878
9495
1642
6387
9284
9788
3258
5727
2264
102
8263
9256
6430
9407
927
7523
3541
2319
4438
9012
2785
3117
2123
2507
8001
2274
2082
671
7170
8839
4400
1630
5630
2971
9973
4021
337
1394
7253
6527
8231
2838
1503
2505
2623
5739
6086
8885
7029
3776
1779
9665
3602
4363
45
8493
7421
6198
6816
7305
7089
4602
5889
4747
5267
7657
150
4479
947
7407
3156
6163
539
1901
5374
767
3472
7343
4565
3538
3161
1007
9222
5282
2566
2401
9688
2686
6756
6430
7373
1165
4474
2710
5775
6227
1763
5010
6533
4306
5062
5788
6936
9369
8737
9523
4993
4772
1056
2626
8169
8703
8707
3396
1632
1439
8078
3504
2639
6485
5253
6586
8046
3008
3562
1643
3854
6800
9223
5621
9671
2203
7675
9175
2301
3183
9503
9845
4162
2703
1971
1786
4695
6002
9843
6231
641
9743
9494
1187
3961
2227
6375
2971
370
6984
4299
6866
1932
8362
5
2053
7837
307
1724
3295
5478
2374
8032
4132
4435
7847
198
2622
6096
8312
6610
4318
2998
8243
339
5076
697
4206
1184
2551
9406
9959
6934
5691
6793
5652
9826
7280
857
1581
3066
5520
3709
2932
555
4489
9078
4320
395
5158
8318
95
7119
3307
5920
9065
5117
4484
9969
5491
5130
6517
8681
5926
2079
6187
4278
1677
3061
159
7583
9154
7036
3224
583
2772
7883
6237
7130
5673
2489
3795
8617
5369
499
4775
1733
3315
6037
2834
5165
2574
5762
4877
3023
6554
6532
9464
5842
1416
3359
405
6217
2843
9184
1454
5869
6844
8025
2812
7352
3176
2777
5941
7459
8915
9645
1892
3705
4629
609
7766
1121
3435
6966
4282
8036
9202
48
3536
2489
4471
963
3649
7871
2145
3142
6573
6372
7496
2135
3810
9129
6960
3296
7724
817
3582
1421
7327
3072
7058
2564
7823
5030
915
1356
8695
914
7216
3100
4550
6630
2101
656
7027
3780
3990
4032
9842
8652
3496
8067
472
2873
9330
3045
2440
6871
317
7384
2105
7992
1371
7200
4186
407
8514
7217
4043
3634
3362
4400
1559
7674
4202
9335
8496
9053
6135
4981
5802
833
2014
8609
7200
5627
3145
4232
2489
3454
471
5711
62
4805
2016
8419
3270
7675
1283
1589
7728
921
6281
748
1247
2221
4807
5156
3381
5922
9132
3146
3778
1197
3474
6422
808
3294
7545
1125
8137
4747
8995
729
4899
9395
6304
5083
3058
6202
5091
8529
9192
7724
1111
9536
5693
1911
6486
5916
6849
1827
4908
7225
8973
4514
7375
4401
5536
2872
356
6194
1277
4326
9634
5676
74
1614
2015
582
7046
825
2735
398
5943
1124
1931
6567
8003
5737
3330
1104
1372
6192
1009
1180
5711
3513
8477
4786
8650
5536
9771
3720
1466
56
6130
2295
4761
8961
8288
800
6666
5669
2411
1684
4927
5072
1408
6778
8062
6674
2155
736
2623
9369
6024
9597
3609
8900
5005
9985
4621
3650
5627
2975
9012
2677
1336
1142
2212
4826
3578
1925
5325
9996
6038
760
8607
3028
1312
3265
9545
9905
6904
737
3374
8283
8014
9084
9074
5909
8000
5858
5959
1440
2587
6094
8235
1835
3735
4140
4151
425
3488
3054
600
607
5289
7845
5458
2054
2984
1559
2644
2394
5739
4651
2880
5082
1054
8585
1630
5207
5161
1907
6690
2769
4027
2253
579
5636
8266
4190
4217
4137
2043
5665
9454
4552
1669
1677
5711
2221
9710
7869
1763
9844
6129
1398
7568
7116
5574
9088
5901
8321
4704
4475
8005
2308
4478
6927
1786
6447
1421
7158
5293
6238
8498
2852
7622
756
4348
6352
4655
1580
9315
9731
6030
339
5196
6958
4993
383
3864
7197
6249
3306
6816
3995
9889
2368
5896
5431
2032
4903
2325
3104
3403
8935
5036
1109
7246
7784
6911
8904
2615
1431
2927
7188
5377
8881
34
9258
229
2027
2107
3010
2891
5478
2710
6198
6818
4066
4117
1297
2684
9455
1514
6644
754
2025
2088
2548
3256
7319
6494
4060
1739
4363
2475
1260
4205
9959
377
7044
8699
8578
7982
8652
1636
6628
2412
7378
874
2413
5103
909
76
6413
6863
319
627
8259
1937
896
4352
4248
4693
2703
2109
7197
2843
8859
8742
4184
7452
4238
3228
1115
2797
4406
5506
1975
6237
4674
8664
3981
6061
5402
3059
9174
2981
5334
5149
3414
2264
6475
2881
9112
2489
427
453
3459
3980
6875
9602
8084
9075
2515
6258
4001
3549
4610
8165
5824
8132
7496
3155
7493
7699
8681
3771
1586
2601
8397
3114
2056
9667
8557
2624
1447
6451
5160
51
1349
4997
5629
8985
677
4917
4083
5339
3259
2118
9657
5007
4014
9261
13
227
1048
6505
2583
5958
9306
9732
368
7297
7402
8276
1460
2711
7469
6750
2588
9645
4250
3658
8335
8533
8139
6749
2167
6731
1455
5772
7778
929
9742
3059
1977
1151
6819
7769
501
5896
8003
7738
1409
6675
2592
5999
2673
475
835
4140
5467
673
550
950
8163
8911
9895
4799
9775
8964
1989
5247
4130
2391
2669
9135
9011
668
4515
3837
6711
6719
8927
348
5897
4288
6139
2970
9704
4506
6789
3020
9259
1883
9968
5979
5139
6146
7210
2612
1630
1108
3321
3645
7384
5531
2421
5540
2027
5005
616
1548
2018
2606
7784
9340
8431
475
2561
8979
1832
6943
2146
6621
3544
3137
7529
87
6236
7082
7675
7938
5881
2437
8376
7253
2647
8065
2843
6953
1608
236
9051
6872
8912
7185
8255
9837
6820
886
7022
3581
8993
7591
1349
3517
5687
5391
658
3361
7925
4266
8717
8944
3865
7017
3438
2885
7347
3852
5136
3624
889
3223
2798
3115
5714
9863
987
4677
4428
8319
8987
1734
6616
8940
6515
6609
7218
5159
7400
1255
785
4553
3692
4398
4656
5513
8656
4842
2505
1770
3806
3375
9133
6757
7347
5551
7234
5674
544
1587
9070
8972
3518
1747
4789
5265
2851
9220
3104
1603
9080
9902
6320
1557
8577
954
8198
2903
2695
1062
6990
4441
2713
1433
8876
2867
39
4234
8090
8741
7942
7996
1522
7323
3226
8170
930
725
9024
8397
4931
718
2855
1790
6706
2908
3872
8091
8543
1641
426
9759
3324
765
1872
5890
1849
8786
5308
6569
5497
766
604
9842
7812
134
8962
7532
3207
1614
3986
3566
8106
4936
5027
7308
8066
6050
8256
3144
1511
4689
976
6218
264
9469
7127
6639
5434
2527
2413
5159
5776
8724
1689
7861
2179
10
6311
5652
4484
2738
7663
8264
7151
9615
3797
8356
8221
1538
1002
246
8641
9121
1110
5120
5092
8476
8551
3896
7480
5319
4030
8775
7689
1662
2071
1239
4534
3077
8640
3916
422
8924
3053
3284
7386
5376
9796
1713
2741
2423
4278
4946
9990
1565
9898
1507
3298
8040
8628
8567
3761
4269
7921
3129
9565
247
6620
6539
744
9402
5697
5001
4628
8773
1700
8504
4810
7659
4743
3862
5647
5473
9643
8912
6492
5234
2424
287
2165
7065
5154
4974
2410
5645
6268
1619
6600
6041
9128
4659
2758
4871
9219
7918
3883
4468
3208
8784
9646
7250
8356
5263
1094
9755
4064
991
4910
8176
4722
1856
4578
5126
2898
8854
2126
7636
4399
5354
9936
2890
8790
9792
7466
7687
817
8939
8537
6874
3296
513
6429
1865
2204
8011
4422
4041
238
1015
7742
2694
8777
7342
2418
7288
9748
164
2134
4603
2567
7698
1587
8942
2793
8925
7718
8915
1888
5116
1044
3796
1032
2534
1636
5919
3411
7478
8172
9215
298
5739
3340
5956
6866
7482
1511
1592
33
3232
6571
4242
2181
6608
1408
6095
4856
9426
786
2476
5452
5775
7212
4502
84
9513
6578
7702
4348
5251
2777
66
854
454
5477
1832
9886
5603
8109
2184
1048
5640
8545
3947
141
5200
234
9318
119
3149
9359
3356
8
9238
6202
2487
9731
4539
1223
9387
6623
1455
5124
702
9052
6879
232
9482
7919
799
5821
7297
8669
4057
4945
4358
7960
3390
9001
6648
2437
7799
1526
9476
1138
607
4192
173
9848
9146
3437
7033
7593
4276
8696
6547
7337
7797
2609
805
5802
3999
2386
298
9561
1212
7423
4515
178
2591
8163
7691
7197
9811
1701
5813
1439
5442
8566
9728
6999
7529
219
558
8085
1598
8733
9111
5925
5329
6312
1426
9526
8228
516
2135
8743
6235
3808
3309
8648
1045
4932
8921
3435
4731
5592
8667
8480
7592
2044
7714
4361
9119
180
8794
5722
7352
2695
8501
2146
8006
5093
1162
6003
8989
6938
2926
8522
6845
3306
3832
8921
6810
1956
869
329
6721
166
1241
6805
127
1599
1934
6476
1153
1695
2879
6854
590
8707
9787
404
1938
9045
8684
1958
4716
592
6177
1679
390
2709
6421
2969
6258
4229
9528
7284
7672
4544
4911
5465
9950
5522
4111
8062
5989
1308
8740
3940
2991
9710
6948
7036
1631
8962
9036
9775
1694
5133
6045
9640
1694
918
9905
5356
564
6119
2436
2140
6946
1989
3154
5617
4825
1106
8796
8160
5781
2852
9067
3617
9425
9743
595
1281
8405
4122
2056
7144
1546
9814
2503
6078
9598
1851
6202
8373
9732
1074
7285
3513
2236
5570
6505
6840
6488
8615
8574
6647
7145
9692
2931
178
6484
2256
877
9800
8918
6003
815
3038
4063
6797
1503
661
8300
7026
2705
4424
2185
2406
2128
3930
7326
3989
3778
3040
8608
6534
6616
8263
1207
9027
8190
4301
6556
3157
847
1828
1655
397
592
1591
8708
4073
1030
5781
4051
2231
7481
5064
6663
9111
5628
364
9140
1085
3377
4056
1252
6097
8012
6150
6370
213
770
3813
3611
1610
9510
2378
1088
4027
4237
2134
3438
2456
420
1080
2531
9172
1206
3837
5604
2092
4671
4899
7165
2141
8605
9374
1257
6753
3550
3476
988
3922
9534
9268
4326
7798
563
3483
9237
6803
2247
7003
7954
8373
2336
682
7526
9798
905
6379
1233
8394
2138
2832
4183
1029
3840
5302
31
1135
4601
6598
593
1507
5736
3776
9766
914
4102
1327
2924
2480
8196
7581
4870
1393
1671
8427
4699
9464
6716
2939
7570
5106
8614
7133
2101
8820
788
8543
4049
9043
7113
8680
6858
9041
9030
896
869
3771
1442
5057
4238
1927
5791
438
9465
9357
1839
3200
9574
8320
8669
9573
538
836
691
3564
8486
8189
4085
1550
2673
5915
4939
5859
5611
5279
9935
3056
9374
9541
5672
9730
814
6846
3551
4569
5368
3135
2143
1149
1932
5089
4739
9045
1846
5440
1334
5865
6603
3597
3100
6489
1165
6423
6252
3990
4530
1156
2635
3097
1828
5766
4857
7397
1157
1446
5492
7706
1679
5498
9606
6838
4815
9233
499
3059
3437
5974
4707
2848
53
8056
8150
5509
6759
1426
8368
6980
9625
610
5233
8153
9959
4986
1615
9388
4601
9753
3783
256
5337
6400
2655
7900
5301
2989
8213
8082
8971
528
288
5338
5354
1779
5982
3750
3791
4748
5081
3464
6523
4904
6142
3181
5536
9644
9411
6800
8301
6679
693
7074
6736
9257
661
6999
6104
1271
924
5491
2729
7268
3589
2398
4743
9454
3730
4298
767
1343
5850
4853
1015
2109
2641
9241
9771
5420
1054
4937
5807
5813
2336
6305
5760
6170
8026
3899
8818
8038
4749
9659
5954
8059
6079
7107
9660
5860
7603
7603
7179
7361
882
3588
8651
232
2669
4275
4388
5744
8520
1783
607
4484
4939
3917
2382
4776
3188
8672
2538
739
4186
664
2937
7000
4176
7731
3046
3279
5031
2537
6593
7191
7934
161
5861
7608
4901
328
4640
5509
3516
8839
68
1058
3312
5658
5436
4586
1508
2128
4361
9692
4582
4429
6430
5999
652
3429
5295
3873
4162
2905
4279
8097
192
5503
8728
498
4648
314
1636
3703
8719
3996
2080
9212
8505
6300
631
1866
6004
7446
9311
7236
9094
573
4345
5866
6807
3113
5415
8332
3074
9513
8644
4249
5713
4752
9715
1114
5572
8946
1128
2486
4307
9625
7410
9680
1989
9232
6366
3848
8174
6820
9730
6517
8113
943
1290
7085
1579
9375
3012
5806
1101
8243
3459
3492
5842
4017
5742
8131
3129
4352
1077
256
8289
8332
9774
9994
5502
1711
1952
2282
8890
4630
5957
380
2529
7722
7392
5117
4614
2120
6853
2914
4279
7442
2786
169
4314
8401
9256
3062
2790
8057
5496
1193
2578
6232
6723
6381
3735
7030
5386
7311
5184
7759
6807
242
513
9245
8692
2721
8910
7125
4231
2507
2355
9806
6970
3116
3410
388
3584
9918
9522
2129
8121
8551
22
5520
3104
7876
5441
2633
2364
309
725
5461
3226
8330
7698
4109
4165
6632
9835
4908
3806
8465
3675
4587
4906
885
1352
418
2625
5563
7378
9667
2736
3187
1333
9959
1173
8072
9550
1618
3160
6372
9401
2366
9891
777
7572
3063
326
1233
9757
3119
2418
5057
5383
2253
8610
9630
8098
8680
1457
5658
4831
9831
1726
2467
2943
462
9826
3983
4834
784
3745
877
7790
994
9038
3132
7765
7724
2492
4994
6797
3240
5738
7338
9292
4922
6427
7893
1199
6403
7178
4992
3845
9287
8786
7307
4197
9251
2802
4166
7906
6794
6668
5314
9486
2455
8845
7836
3701
4958
2697
7560
8673
1583
2904
7935
1954
6121
2872
2174
379
3932
1886
1238
8758
8246
2063
7274
3090
2613
4707
8263
4930
7722
6500
3858
2449
8463
2431
300
691
6439
2382
5208
7448
5021
8249
7781
8805
270
7931
7090
6258
6324
8128
2552
7883
4620
4608
7985
2968
7159
8135
8108
229
7528
163
5544
3008
4759
3319
6395
7365
6546
1201
8648
721
6297
2212
6334
4837
3101
9951
8810
8984
2241
423
4505
2955
6088
2426
1958
8034
4788
427
8979
371
5325
9428
6810
8995
6356
2023
9697
5568
7028
825
621
874
9530
9912
7138
6894
6411
6875
1735
4616
3012
7032
8260
5612
3008
9292
751
7666
8445
4948
586
3212
9371
7990
6407
3504
9729
4100
7375
7654
752
3075
9609
1205
1494
6868
7175
2793
5960
563
2355
6000
5275
2791
1023
7716
4828
5476
3649
1448
2214
8642
6301
2681
8631
117
4281
4460
2043
3775
5492
1672
953
9471
7264
2160
4363
3778
3873
6016
4416
6501
1481
7104
1154
7325
1390
8789
3447
5969
8594
1247
1073
7982
9669
4493
9953
9521
3993
6076
1524
3768
4880
6008
717
5992
8816
5987
6692
7982
4644
4699
113
6925
401
7239
7124
436
3482
1936
1005
1746
3706
5724
6338
620
6794
7426
2791
3729
9200
4448
8950
3854
7485
2653
8085
3262
6472
8364
4670
8193
9706
5074
2053
6887
7699
4709
5022
2781
1506
6873
6376
1425
1538
4469
2545
543
1506
5551
2437
4891
4415
8997
5047
7128
6371
3075
7641
6103
5182
2570
1729
1991
415
2117
9089
8645
9325
8895
6950
3673
3520
8172
8149
854
5108
8926
9657
5074
7943
5981
3477
6164
401
3157
3208
6281
4726
7514
8600
3473
4178
8497
2399
7273
8664
4097
5813
4700
7607
3079
392
2197
5855
2608
8078
5932
2477
1585
8996
8796
8285
4026
6906
5210
4050
6709
6005
3609
6081
8730
8961
6539
7247
7956
7914
3200
5186
7244
9876
6070
3880
4380
1818
3347
674
3523
3206
8978
5972
9501
9645
8298
9535
2664
9467
813
3868
113
6004
7541
1938
7970
9025
266
8857
9213
7108
7591
6384
5732
950
954
1963
9086
8703
235
6622
9256
8574
2860
5746
3338
5147
3483
1915
603
2231
192
3214
2759
4321
7393
3849
8967
1131
1763
9743
859
8704
4848
9280
3631
8471
7826
6700
4015
2710
2090
7828
3790
1792
4571
7214
4116
4729
4310
2718
5986
996
1638
7095
9117
6632
6710
7439
1176
3595
1539
1218
3585
9481
8104
3207
2295
4732
7961
1023
1441
744
5163
1062
3879
6190
4625
6138
526
279
5352
3120
9196
4875
3708
6698
180
2628
7804
667
3175
2261
7047
1553
5222
6995
2393
97
2815